90 90 90 90 90 90 90 90 90 90
90 90 90 90 90 90 90 90 90 90
90 90 90 90 90 90 90 90 90 90
90 90 90 90 90 90 90 90 90 90
90 90 90 90 90 90 90 90 90 90
90 90 90 90 90 90 90 90 90 90
90 90 90 90 90 90 90 90 90 90
90 90 90 90 90 90 90 90 90 90
90 90 90 90 90 90 90 90 90 90
90 90 90 90 90 90 90 90 90 90
90 90 90 90 90 90 90 90 90 90
90 90 90 90 90 90 90 90 90 90
90 90 90 90 90 90 90 90 90 90
90 90 90 90 90 90 90 90 90 90
90 90 90 90 90 90 90 90 90 90
90 90 90 90 90 90 90 90 90 90
90 90 90 90 90 90 90 90 90 90
90 90 90 90 90 90 90 90 90 90
90 90 90 90 90 90 90 90 90 90
90 90 90 90 90 90 90 90 90 90
90 90 90 90 90 90 90 90 90 90
90 90 90 90 90 90 90 90 90 90
90 90 90 90 90 90 90 90 90 90
90 90 90 90 90 90 90 90 90 90
90 90 90 90 90 90 90 90 90 90
90 90 90 90 90 90 90 90 90 90
90 90 90 90 90 90 90 90 90 90
90 90 90 90 90 90 90 90 90 90
90 90 90 90 90 90 90 90 90 90
90 90 90 90 90 90 90 90 90 90
90 90 90 90 90 90 90 90 90 90
90 90 90 90 90 90 90 90 90 90
90 90 90 90 90 90 90 90 90 90
90 90 90 90 90 90 90 90 90 90
90 90 90 90 90 90 90 90 90 90
90 90 90 90 90 90 90 90 90 90
90 90 90 90 90 90 90 90 90 90
90 90 90 90 90 90 90 90 90 90
90 90 90 90 90 90 90 90 90 90
90 90 90 90 90 90 90 90 90 90
90 90 90 90 90 90 90 90 90 90
90 90 90 90 90 90 90 90 90 90
90 90 90 90 90 90 90 90 90 90
90 90 90 90 90 90 90 90 90 90
90 90 90 90 90 90 90 90 90 90
90 90 90 90 90 90 90 90 90 90
90 90 90 90 90 90 90 90 90 90
90 90 90 90 90 90 90 90 90 90
90 90 90 90 90 90 90 90 90 90
90 90 90 90 90 90 90 90 90 90
90 90 90 90 90 8d 6c 24 28 b8 
9d 84 cc 24 68 15 8e 04 08 c3 
00 00 00 00 68 37 68 55